,Number
0,3066054839
1,2784920227
2,3139051461
3,2292938006
4,2807906666
5,1283183893
6,3561625499
7,1356698274
8,2338930147
9,784439058
10,1004339162
11,637059153
12,13403268
13,2599132610
14,1877539372
15,1818572124
16,3527682523
17,3583930412
18,940183824
19,247447602
20,3956574264
21,3652132105
22,3129591041
23,1656516130
24,1427788300
25,2222648791
26,1319827944
27,209305764
28,65463724
29,2845789140
30,881988009
31,2693569800
32,720428976
33,2243156481
34,2341616849
35,2800524087
36,812717528
37,766064735
38,2526635891
39,2323761852
40,1504100987
41,3406767951
42,4160999584
43,2292736015
44,3000151350
45,99307425
46,2171109550
47,231701011
48,2710525764
49,2768176806
50,938540371
51,3248995145
52,2069883992
53,2985756339
54,1250616707
55,846388868
56,74095766
57,2850799187
58,1028077489
59,478052089
60,2356876968
61,85625128
62,3267734221
63,1777628768
64,991916953
65,1621212535
66,1123197857
67,2911504973
68,2241746693
69,111846115
70,878436515
71,599134021
72,527654937
73,2503302487
74,2549854199
75,1997327911
76,541417085
77,1936421867
78,3744204024
79,1347955833
80,1767031919
81,2375812560
82,2687722101
83,3579974671
84,961152516
85,3214684270
86,66864453
87,2160931953
88,2863939142
89,195308413
90,1147623949
91,354070553
92,1950163212
93,2599634408
94,2973676130
95,1547799981
96,4221428152
97,2451866694
98,2045544700
99,3274754125
100,3526610324
101,3794646745
102,2980115951
103,40049123
104,513798305
105,2640509287
106,3443937253
107,1819084714
108,3227475455
109,3366757521
110,693826728
111,4018551488
112,3393867599
113,2499816732
114,2759925779
115,2414573406
116,3407826204
117,2729858576
118,3360784733
119,2639491431
120,2471603697
121,3596158595
122,2583762768
123,409634398
124,358722430
125,3512517856
126,679889877
127,459580554
128,654345320
129,3422161868
130,2752558237
131,2749970877
132,997284538
133,197706408
134,2491698488
135,903549697
136,4048101463
137,2802480621
138,3487846048
139,2514778300
140,1444877127
141,4070650241
142,1729363066
143,4277945194
144,3540828355
145,3158848837
146,2044005932
147,1793235704
148,586878366
149,2691393847
150,481379394
151,1170042843
152,40303110
153,1704104682
154,1505301846
155,101229159
156,1852160998
157,1790538548
158,1771362582
159,1799362196
160,3520249821
161,501908172
162,2150523476
163,4093493194
164,2619878186
165,237471216
166,202859444
167,2160124382
168,1587054371
169,1561770553
170,1066218224
171,1967323084
172,3387392981
173,3799759996
174,2023748321
175,1649155938
176,1912905282
177,1792268345
178,2449722456
179,1896893569
180,955113100
181,1911783886
182,3291868559
183,4289879406
184,3031539679
185,3244667469
186,2134585600
187,2224242131
188,4005900352
189,3973133743
190,501911326
191,3605914591
192,433849062
193,484104899
194,673836745
195,2703424446
196,3943519939
197,746761969
198,2866307326
199,1483317912
200,2491351578
201,920329446
202,2401524730
203,4270061636
204,3039258201
205,1947494019
206,845211829
207,1435417782
208,3088895842
209,858794062
210,926144043
211,1473373145
212,1284217901
213,3095451837
214,761351270
215,3774236505
216,2756111154
217,400601734
218,1894088621
219,2895607509
220,3499881758
221,3874605715
222,3642123010
223,1416932323
224,3192174246
225,612360683
226,4106768131
227,2656990193
228,3992676523
229,4091933433
230,3765137686
231,3504065935
232,597793998
233,592672345
234,285385862
235,2975113204
236,2021053400
237,1682409751
238,216850611
239,611290091
240,1023199270
241,4278877577
242,314191374
243,435407770
244,1022289946
245,34672777
246,3566892928
247,1478997344
248,4049717726
249,2087317117
250,3015587485
251,2928868736
252,2712663801
253,2564937243
254,724565815
255,655699241
256,4023056649
257,2670722443
258,4056208787
259,1966790429
260,3277357020
261,2900064475
262,1617736618
263,2041078106
264,3719854639
265,2390223606
266,3361659984
267,1581493125
268,1965922472
269,3865728873
270,2836805598
271,1600301017
272,2459042640
273,2099681766
274,2913210695
275,2642217571
276,1169183372
277,696321770
278,1014775007
279,3061634650
280,4157103154
281,678519358
282,2014971312
283,2606799310
284,115979306
285,350505884
286,4056912298
287,3627302132
288,3406946322
289,1455665569
290,2999998766
291,1399099681
292,1125356096
293,2024714202
294,3939141399
295,2127948210
296,913100558
297,3925050733
298,736449876
299,911298090
300,3367191925
301,2709215400
302,289358778
303,3484111768
304,459214013
305,1908617187
306,4283893692
307,2266349749
308,2624073341
309,1283930904
310,3456881234
311,2788156558
312,2566241016
313,2251366713
314,1512314172
315,2132167989
316,1949815426
317,1699999413
318,1737257255
319,3782457104
320,2963349304
321,3268857624
322,3819534475
323,878567432
324,1004551578
325,3595360716
326,426895739
327,3462729517
328,1101988218
329,3009672742
330,3766388189
331,1793749490
332,1466152763
333,1742201028
334,199957439
335,866514935
336,4232868759
337,2996590071
338,2419678852
339,219158243
340,3793228854
341,1142850963
342,1411016670
343,1380275017
344,439117262
345,1999816476
346,4044774435
347,586512340
348,817597403
349,464233408
350,2422235928
351,1232293800
352,1804257343
353,1685864687
354,1976016820
355,2408049131
356,3128419581
357,576168566
358,4030269721
359,905169201
360,1072225041
361,3646210664
362,1708487374
363,88227057
364,2403379715
365,1514988882
366,1667226285
367,1434312395
368,1975450333
369,1630985587
370,2807003761
371,4116371220
372,3685040136
373,3910178539
374,2332344760
375,4484901
376,2805565988
377,1192834320
378,412347435
379,2819947307
380,2937003676
381,3740304323
382,3996580454
383,1588153707
384,1412509283
385,1431710898
386,3555193055
387,1743973464
388,1450123084
389,4012730757
390,368286471
391,1416858572
392,3565307534
393,32031800
394,2503690602
395,1026505766
396,3682512927
397,4165346231
398,3701995745
399,4005257852
400,3493439992
401,67219561
402,1963295381
403,1594417323
404,1335833016
405,180891302
406,1005983460
407,2686066764
408,447085677
409,2252798165
410,3989827085
411,1677469312
412,4011800894
413,455930941
414,3006925517
415,639119070
416,4142223997
417,2955007100
418,1783118722
419,1418992240
420,567571214
421,3835435723
422,47722100
423,150274525
424,2813892029
425,1554205191
426,2444468341
427,370436278
428,3322664922
429,3167635567
430,4129894780
431,2856969912
432,3448983434
433,1420058283
434,1303813284
435,1533322633
436,3412064871
437,2057688484
438,89501287
439,2199250133
440,3394173041
441,4021236349
442,2075344797
443,1710480536
444,2162527136
445,2333935080
446,3537478964
447,4210017127
448,4156151183
449,3435684259
450,1359151620
451,3904521120
452,2215907448
453,1888768075
454,2616479702
455,3131971571
456,3444508
457,2058979979
458,3448396876
459,2738301204
460,2107935354
461,287844484
462,1877593016
463,853262036
464,1181960166
465,2427468357
466,2832103259
467,1934488555
468,1899050822
469,4226723135
470,1853403677
471,2214748727
472,1599651072
473,544154981
474,2634723548
475,4183017280
476,1022102475
477,3350539774
478,1089291844
479,1907302295
480,3481272150
481,324683806
482,1170955173
483,297977647
484,1962036186
485,4239870832
486,911855607
487,2717842122
488,1947137017
489,2541934069
490,533110056
491,2615880171
492,1806305665
493,190407921
494,2256657981
495,1336858924
496,4237997745
497,1313433688
498,1392872801
499,1536883737
500,2690442630
501,1527728270
502,4210697430
503,58644860
504,2677401223
505,620367763
506,702061984
507,2112677306
508,4224552005
509,3068817124
510,589770504
511,4030096988
512,2526898848
513,4253374447
514,1350745858
515,871470914
516,141163301
517,1641208333
518,861101424
519,3932459359
520,1975077667
521,3990315796
522,2295108777
523,2986917654
524,525738079
525,1973496457
526,1065128219
527,1719690725
528,4041709260
529,2279228309
530,2569270959
531,1731619981
532,793661272
533,3846792718
534,2405554363
535,3681544908
536,466153043
537,681281907
538,1069600447
539,266776264
540,2624991662
541,4197534905
542,2869590515
543,2184345149
544,2101881683
545,679634586
546,3963314117
547,4271720649
548,188947877
549,1773317611
550,4148483010
551,2853624050
552,608746870
553,2930614496
554,3403809548
555,2629846362
556,2906278640
557,4044988789
558,1781744849
559,3020539561
560,834253590
561,1228703341
562,4214763740
563,2205396881
564,3568010668
565,2716322862
566,3141047060
567,1511743073
568,3680665088
569,279817423
570,2100446973
571,2540819810
572,3437104836
573,1764828982
574,259190880
575,1120979035
576,704545230
577,2278723363
578,3733934129
579,3136343898
580,2725586153
581,1822108721
582,2353001719
583,3068820693
584,1307637751
585,1798054326
586,4289161830
587,2179925671
588,241737810
589,1144326194
590,3388723995
591,1785907398
592,2867289467
593,2539536159
594,2036592764
595,357334497
596,3745750563
597,574497628
598,938022764
599,919679961
600,1432972329
601,2103402119
602,3282520690
603,1473637232
604,211153612
605,4041706969
606,2583141558
607,246321205
608,2006495928
609,947395252
610,3571177372
611,2405015281
612,3743644843
613,3952330148
614,431046232
615,4229180454
616,295865326
617,458079863
618,2853412618
619,3764329423
620,4065725407
621,853614213
622,4003808114
623,2648702087
624,68976271
625,2597674914
626,4078809632
627,2460944877
628,329886505
629,3435093860
630,1605367745
631,1573399030
632,541214755
633,1807959598
634,3109671767
635,845599093
636,30125283
637,304316673
638,3145265326
639,2525144529
640,2361759839
641,2396176141
642,3993091936
643,1959967395
644,3929372493
645,964952442
646,3809005838
647,2668658639
648,3431080766
649,658922032
650,3909451555
651,1860733064
652,1811602956
653,2562037522
654,2970089067
655,4253995152
656,2995845365
657,2367249142
658,1118357317
659,820147076
660,1959587037
661,2795370587
662,4255066851
663,1800453218
664,2850062203
665,1379639235
666,3265458009
667,1069968505
668,29380489
669,1251709050
670,2226804550
671,818021776
672,2512667072
673,3293178193
674,1179501742
675,610814904
676,1272506934
677,545593154
678,2331169065
679,3472110252
680,2439886235
681,2526099835
682,2942284406
683,4246163326
684,516945148
685,192002249
686,2636206322
687,329300158
688,3015346062
689,2949389583
690,2129756260
691,2698560492
692,2355221815
693,746254639
694,3181501778
695,1730008738
696,2764131142
697,1111350934
698,992301220
699,3935281170
700,2627688870
701,688146921
702,504346839
703,2215056719
704,1073577455
705,1292544392
706,3122853767
707,1499529561
708,522722953
709,3857765004
710,487301353
711,2667782829
712,3828773530
713,303956181
714,2622142101
715,778153899
716,3198715283
717,2105424914
718,404790924
719,2479108516
720,1056926407
721,2085155428
722,2587878238
723,782424758
724,4070745819
725,1897767585
726,349864374
727,985028516
728,976708513
729,528438738
730,15208886
731,1026576402
732,691120575
733,2269424221
734,3215098574
735,3398230651
736,3899230734
737,2922274805
738,2622314938
739,1081577790
740,922025258
741,2098719227
742,1642644407
743,1236939481
744,2006815005
745,3232451865
746,4146078795
747,2220359524
748,3720329251
749,2064768138
750,4188185900
751,986203498
752,381657499
753,710034371
754,3326575398
755,3258409499
756,3742785843
757,3521986496
758,856856410
759,1542240778
760,650620688
761,2035753566
762,2245378830
763,2269970432
764,3387788993
765,62906472
766,357286552
767,1811957406
768,4177610919
769,2817172872
770,2231512143
771,3992018674
772,1560428190
773,1940382679
774,2490573011
775,2067290099
776,3349635191
777,561653966
778,111268365
779,1153982148
780,517769839
781,1081888739
782,2341216945
783,3286359525
784,3224706944
785,4271535471
786,555031440
787,3981889338
788,2392700258
789,1758637422
790,1100435213
791,3748228296
792,238279161
793,4264578626
794,2583231432
795,11052142
796,48791941
797,4007048850
798,2970507359
799,2595453022
800,2620459404
801,1125100045
802,1418658175
803,729708029
804,1154142573
805,4230956084
806,277440837
807,39108582
808,1521704920
809,2399207833
810,3330509390
811,699226305
812,3885348728
813,753337071
814,4240354344
815,2703060513
816,772970132
817,746993962
818,380346059
819,3776262975
820,3197652288
821,2011194600
822,3203395840
823,1559531612
824,2297320560
825,709451096
826,1316700439
827,3985334847
828,3871149237
829,2608821715
830,1506204210
831,2437658485
832,2517615878
833,3402031284
834,1953916772
835,3828485741
836,2270938975
837,3863327633
838,3913693324
839,2213076928
840,899554772
841,1169918606
842,3275657802
843,3898133124
844,2235082001
845,2416358478
846,1870484628
847,3960941568
848,2784300739
849,1951354490
850,270389399
851,3355116041
852,1370115490
853,1667850360
854,856201791
855,2230932114
856,769456210
857,802911137
858,2587330636
859,2923747346
860,3890289973
861,1614361386
862,3180917757
863,377200672
864,3029311915
865,2641213837
866,968015028
867,2526281137
868,3858175808
869,1584085522
870,137532817
871,457889355
872,2014147289
873,2231889975
874,2413545628
875,3548153743
876,2740270034
877,3436292698
878,2841573902
879,1834247714
880,46368568
881,1348672011
882,655486034
883,781328428
884,3537268686
885,3281816573
886,3330737949
887,456097420
888,2837148104
889,178331353
890,1921398229
891,2966814193
892,3914105267
893,337750807
894,1396464776
895,2010997736
896,1841175042
897,3394848375
898,3435425674
899,2838002966
900,3177697231
901,4117908936
902,3725720840
903,1265447577
904,1501953924
905,638189788
906,2007727757
907,3848670805
908,2171333695
909,2403986982
910,1440365323
911,803405571
912,141771579
913,2463139004
914,3112046258
915,3335915465
916,945239570
917,278306182
918,2105597241
919,4084570422
920,603202087
921,849634997
922,567097623
923,796303633
924,2402235763
925,3411135986
926,4082376504
927,1640787250
928,1412885649
929,4014993497
930,3187473254
931,2499907894
932,4282791790
933,3622156730
934,3346583422
935,375890129
936,1308522508
937,3909653731
938,3880677306
939,2733422289
940,708204525
941,3732155179
942,3607152225
943,2603168510
944,3549217181
945,864676852
946,3131921261
947,2742068503
948,676652553
949,3031933052
950,759635584
951,369026912
952,2329076823
953,4273016474
954,3395235020
955,263159802
956,1507363630
957,4232623922
958,2603047704
959,1287920341
960,3076968558
961,252343178
962,3567216929
963,1652008340
964,140319972
965,2211126628
966,3237647352
967,1520612481
968,2900559611
969,1760583355
970,1288934764
971,1608026145
972,717318814
973,850937503
974,41646073
975,2469284128
976,2799108426
977,3181805967
978,1700005743
979,1384312117
980,2766930322
981,3066890481
982,552861486
983,4203773466
984,3083371022
985,3615971200
986,3275301351
987,3713110115
988,888139293
989,632777381
990,2707320968
991,322254726
992,1161257501
993,2459116874
994,358558256
995,1515558426
996,3458364930
997,3325459788
998,3822256683
999,3854832598
1000,1978303240
1001,4287429108
1002,2601750929
1003,3244777133
1004,1592312177
1005,714088671
1006,2297355638
1007,3563491490
1008,4218429311
1009,4074514038
1010,90620231
1011,24212145
1012,3272059499
1013,2135706085
1014,1106004505
1015,555698264
1016,754662338
1017,1467215201
1018,2279260104
1019,165342929
1020,4015771151
1021,672237866
1022,3908442122
1023,166331367
1024,3076529616
1025,2029354484
1026,103112790
1027,3099400010
1028,2205187469
1029,1501759464
1030,1836909901
1031,178818555
1032,3502870095
1033,3064072789
1034,708506811
1035,2194338476
1036,1378264327
1037,163225905
1038,1955370645
1039,2340304767
1040,4103486870
1041,2044547682
1042,2122590711
1043,13863407
1044,721842272
1045,1367125245
1046,719156907
1047,1983473264
1048,3526544926
1049,837164292
1050,173111149
1051,3682861425
1052,3139429116
1053,1353702662
1054,3965818365
1055,2441490674
1056,3870834110
1057,665459198
1058,3824735195
1059,1436571108
1060,1714446382
1061,3497503893
1062,435283711
1063,1117260925
1064,2807103776
1065,2864394619
1066,4092658259
1067,2376837764
1068,2960115153
1069,618445766
1070,3242877275
1071,3402279992
1072,1805277785
1073,4270044178
1074,3467549955
1075,1716294903
1076,3701052878
1077,3280551972
1078,1588242149
1079,2293113475
1080,3242211748
1081,374663983
1082,278732880
1083,424348363
1084,788857286
1085,1317944550
1086,58886723
1087,2881680008
1088,3859858899
1089,3181226660
1090,1500715456
1091,4235451891
1092,2910998375
1093,3387328892
1094,1239990904
1095,1617864319
1096,3985227017
1097,2827168942
1098,126988792
1099,3570188863
1100,484713078
1101,1436743813
1102,1753179129
1103,802197311
1104,388583867
1105,2616065926
1106,4102786541
1107,245696398
1108,2167322492
1109,134736046
1110,4050467626
1111,460669887
1112,1275267092
1113,3717368300
1114,436563140
1115,3357489373
1116,2874424851
1117,538597400
1118,466969120
1119,2863099942
1120,2507330746
1121,3936667300
1122,1920052247
1123,1425077211
1124,3710977788
1125,4187631009
1126,3507333699
1127,843926661
1128,2030794664
1129,3503513112
1130,674657140
1131,2467866523
1132,3700931437
1133,313369638
1134,2286081242
1135,1443958323
1136,533823059
1137,3432104475
1138,1886039660
1139,2376501337
1140,3691160475
1141,2506697008
1142,4010182740
1143,2567021118
1144,2468320151
1145,3769459270
1146,728582870
1147,2631883694
1148,4275701587
1149,3228389464
1150,1296602851
1151,1552011916
1152,220965881
1153,2851519805
1154,1108529397
1155,2167109320
1156,1746025637
1157,11458816
1158,1753137264
1159,1573762449
1160,4267630981
1161,3833632764
1162,765920904
1163,3250860299
1164,1043002566
1165,1334206703
1166,1909604986
1167,2942100732
1168,3941273338
1169,1714868284
1170,957229630
1171,1240392779
1172,4262460503
1173,2462141169
1174,2151942355
1175,683522096
1176,3719392624
1177,234672602
1178,3685801521
1179,3291681711
1180,3583446062
1181,1134988297
1182,4246801880
1183,2159251665
1184,3856410022
1185,1484127935
1186,3424548948
1187,3191879672
1188,170591815
1189,2554164220
1190,1034969117
1191,994125589
1192,1941483820
1193,2478826508
1194,2693991140
1195,3056140300
1196,803427785
1197,3577504905
1198,3580172970
1199,3943779784
1200,1588761017
1201,3706827109
1202,3422116289
1203,2384036527
1204,1751589906
1205,3644975629
1206,2059818077
1207,3312385618
1208,3376376097
1209,2444692737
1210,2892881917
1211,1447134591
1212,399799631
1213,284764804
1214,979902016
1215,2796334450
1216,3336814713
1217,2701491584
1218,887318992
1219,2113479050
1220,480833481
1221,3775571704
1222,3110802473
1223,2721989092
1224,2947585488
1225,3804089029
1226,2980142059
1227,785571015
1228,1668350577
1229,1526000053
1230,1098929125
1231,1291413384
1232,19552438
1233,42113112
1234,2681176554
1235,2051315509
1236,3459036475
1237,560730601
1238,4077019653
1239,1278534281
1240,2709662165
1241,2645736207
1242,1795358643
1243,435537800
1244,2385090305
1245,3600741296
1246,3115183617
1247,1030465113
1248,3602782074
1249,3318409298
1250,1001004412
1251,3228640129
1252,1638990921
1253,1238167798
1254,69119369
1255,3972435208
1256,4208757045
1257,1930951541
1258,3091776534
1259,2741081422
1260,44203410
1261,2993382019
1262,946690382
1263,1535567567
1264,2702754379
1265,3600747584
1266,1628317598
1267,3477917813
1268,2871512963
1269,783282311
1270,445677811
1271,3435757236
1272,1580567662
1273,1490295635
1274,2133296802
1275,557645486
1276,1702862719
1277,3304958895
1278,450461041
1279,3509372582
1280,874589866
1281,1607934132
1282,1952100681
1283,3200231247
1284,2139932766
1285,960173661
1286,2628724542
1287,4093375033
1288,2005946205
1289,2504427167
1290,2305677051
1291,1979409462
1292,2274885739
1293,28603252
1294,3728964116
1295,3513779993
1296,1628191199
1297,2536673306
1298,200862935
1299,2387938889
1300,3519600282
1301,1855346510
1302,1622737459
1303,1966947359
1304,682703369
1305,322440782
1306,1350438306
1307,1829631559
1308,846985314
1309,1840367364
1310,3274309829
1311,437284250
1312,2721555345
1313,190613617
1314,722433545
1315,412864952
1316,2975609170
1317,3669474573
1318,1127738878
1319,1027254066
1320,2371967606
1321,467099629
1322,3373606562
1323,792397119
1324,4203698978
1325,507158281
1326,3980635916
1327,4113334560
1328,375276170
1329,354953232
1330,3361083800
1331,1199052657
1332,2725686326
1333,2978225979
1334,4139041446
1335,159136097
1336,2445219653
1337,3224352853
1338,4245754083
1339,556245261
1340,2246300574
1341,311435363
1342,681975581
1343,3110642423
1344,4033915456
1345,1360418603
1346,2263529939
1347,2565304039
1348,2268749161
1349,2781000619
1350,1224437509
1351,323785884
1352,1859959227
1353,96670349
1354,1903481597
1355,3586478645
1356,2664029436
1357,3131720798
1358,773696829
1359,3708902163
1360,2913635378
1361,3246490327
1362,1370091446
1363,728942339
1364,2174388516
1365,3349906188
1366,1877837190
1367,4090833121
1368,162329134
1369,2427916860
1370,1436463164
1371,2014587440
1372,4171813621
1373,802019839
1374,2883242364
1375,361269279
1376,1254414612
1377,670924603
1378,2560671524
1379,867478465
1380,2117170429
1381,2281936501
1382,3528764203
1383,2035141228
1384,4061859105
1385,3563403070
1386,1190444649
1387,2273362644
1388,3974166729
1389,2999245132
1390,3142195474
1391,2224656717
1392,399563038
1393,3420986591
1394,1114005354
1395,1713399424
1396,3892823644
1397,2528365562
1398,1311657357
1399,3653130423
1400,650187399
1401,551095534
1402,2085785585
1403,2385071328
1404,3653376673
1405,609709401
1406,599228221
1407,3254350695
1408,1248352203
1409,2002740269
1410,3427898829
1411,3450820269
1412,2014625331
1413,3063635870
1414,2321620357
1415,1260411864
1416,3569468210
1417,2149477445
1418,3361135853
1419,1226083972
1420,2139388548
1421,3604920242
1422,2918664408
1423,2461756373
1424,3244158900
1425,3384664956
1426,57581648
1427,2549350170
1428,1827365746
1429,3265323210
1430,1126195620
1431,126066581
1432,3770957773
1433,1128625212
1434,481628725
1435,738620434
1436,1892952781
1437,3072925918
1438,1876375041
1439,191425051
1440,3085943205
1441,2580542235
1442,1817908626
1443,912849139
1444,299867476
1445,2813092100
1446,345993632
1447,682567814
1448,3631499101
1449,1753119105
1450,598486881
1451,1967228013
1452,1917702143
1453,1553603781
1454,3237694824
1455,2493944013
1456,4138634235
1457,4191216351
1458,61423394
1459,2064241507
1460,2547413915
1461,3027930036
1462,3116916178
1463,3080639797
1464,403938481
1465,1562918363
1466,1959102782
1467,447879577
1468,1722294574
1469,713507861
1470,1038190452
1471,1200580192
1472,3825124018
1473,2532540186
1474,1346535192
1475,1472209517
1476,3311318648
1477,3748849353
1478,1335993785
1479,497054457
1480,468756147
1481,451687810
1482,3320435427
1483,2616845370
1484,981228589
1485,4120309504
1486,3412135575
1487,3875296897
1488,2115955804
1489,2089733640
1490,3583539556
1491,64800002
1492,900682713
1493,331158138
1494,2287045985
1495,3313376506
1496,3708292783
1497,1716444138
1498,1510363540
1499,803788517
1500,2268965873
1501,1770845097
1502,77920246
1503,2981994292
1504,3216740027
1505,3940878275
1506,2662104934
1507,330621126
1508,2981581700
1509,2946508873
1510,2622422292
1511,169282101
1512,3249619776
1513,3695495729
1514,2931492775
1515,4116707230
1516,4000717059
1517,3392656256
1518,1844304838
1519,428808787
1520,788051602
1521,1021506554
1522,1823208384
1523,3605190165
1524,2217237416
1525,611211958
1526,2760337788
1527,2340278666
1528,3663137025
1529,236073334
1530,1164278524
1531,1256530736
1532,3536501272
1533,3881201257
1534,3356640209
1535,431335809
1536,2312719900
1537,79743182
1538,625691235
1539,2288905338
1540,3734622353
1541,2026715833
1542,1834478654
1543,31989644
1544,144533511
1545,3397996857
1546,363242817
1547,772001958
1548,865032759
1549,4053282330
1550,3033812078
1551,229930423
1552,1447643929
1553,3028219122
1554,887508175
1555,3645280226
1556,3652951567
1557,1592385270
1558,3269057407
1559,1947039462
1560,2491991129
1561,2430052251
1562,2959252686
1563,2697549685
1564,3194152924
1565,1580190779
1566,3218643702
1567,2653542225
1568,612469980
1569,2574384221
1570,1130771823
1571,1828053316
1572,4214382401
1573,4085603049
1574,2842868689
1575,3912359974
1576,2176951610
1577,3769723238
1578,2854514379
1579,734692226
1580,3393961899
1581,2201569846
1582,4247461655
1583,1812546110
1584,454037134
1585,2440589897
1586,3576058196
1587,1227115073
1588,2306242212
1589,1847114695
1590,69603457
1591,4129638969
1592,1788171771
1593,1364720271
1594,864371346
1595,3604173147
1596,415493346
1597,1814970905
1598,4110180154
1599,3831654831
1600,1240434900
1601,1530359670
1602,4043371028
1603,24196580
1604,3285888210
1605,1306956627
1606,3127489935
1607,1367364906
1608,2614740239
1609,3197301865
1610,3888272630
1611,4219843780
1612,1328447197
1613,419025728
1614,853426606
1615,1498840230
1616,2572740143
1617,463692761
1618,116298197
1619,1677844313
1620,3759626731
1621,552820286
1622,3362117245
1623,3709193262
1624,1155620422
1625,3752637763
1626,87271329
1627,4268425803
1628,1770341239
1629,3071936753
1630,3994002616
1631,983397223
1632,1439160409
1633,118721035
1634,233196296
1635,3514858083
1636,509097532
1637,2738024093
1638,3742657822
1639,2556137932
1640,662173594
1641,2153276753
1642,3850783848
1643,1945927154
1644,3778847796
1645,4128110587
1646,629734925
1647,2972848292
1648,2218047966
1649,2707860490
1650,2317181284
1651,1424812076
1652,2961018256
1653,669622503
1654,665721989
1655,2786621379
1656,3608935299
1657,2117024148
1658,574986846
1659,2917944147
1660,1215154212
1661,3116350806
1662,3914937298
1663,638571948
1664,1876145799
1665,796193784
1666,262935202
1667,768437859
1668,720889082
1669,2853554774
1670,1620341335
1671,3316513858
1672,2225104632
1673,1435809995
1674,3374224146
1675,1716552211
1676,2206995896
1677,1314869958
1678,2895074141
1679,1390044120
1680,2852701924
1681,3367050512
1682,2237512397
1683,1321566478
1684,3461644921
1685,730820501
1686,672601647
1687,319995030
1688,3057525278
1689,1565234268
1690,4180070567
1691,4243511575
1692,630585403
1693,3388692028
1694,1145077905
1695,3957266390
1696,1591959165
1697,3353546
1698,3861211902
1699,1242290695
1700,3751048343
1701,4279610986
1702,1684820442
1703,422976103
1704,2640527469
1705,2886141793
1706,1837592545
1707,3452132502
1708,544435907
1709,2779028867
1710,1664829531
1711,431441100
1712,2543023335
1713,4061769294
1714,2317633637
1715,2471784351
1716,1281043090
1717,3516543273
1718,3623667805
1719,3039289432
1720,3565448050
1721,3876646690
1722,3365527406
1723,61067635
1724,285523484
1725,1983248540
1726,2535405918
1727,724874070
1728,4266438297
1729,3701389723
1730,3751886471
1731,4036815843
1732,3221766680
1733,4223174385
1734,1929642944
1735,67954284
1736,1890294269
1737,1967154701
1738,3498825593
1739,2079480659
1740,843840787
1741,1040765375
1742,2630650209
1743,2815399695
1744,2589327097
1745,2989360804
1746,3117659558
1747,80474362
1748,2747492527
1749,2308438247
1750,2591523812
1751,4091613538
1752,2715968445
1753,3055161130
1754,1511263955
1755,1196123585
1756,3622796377
1757,2205146781
1758,1524561819
1759,2027882819
1760,1304828680
1761,2055595446
1762,1164196319
1763,2994463512
1764,2486650005
1765,1485975851
1766,333992788
1767,3033777752
1768,4006167875
1769,4046086908
1770,4109375640
1771,1463015604
1772,1689903829
1773,2104149797
1774,4278296791
1775,1128610736
1776,4137125378
1777,2355208721
1778,3262532366
1779,1662733738
1780,2130254639
1781,2102505572
1782,920441574
1783,1301321015
1784,2960770496
1785,2218819944
1786,572863750
1787,1529698204
1788,802427675
1789,1554164811
1790,2179120148
1791,1676917721
1792,3526544913
1793,1054727218
1794,2048376100
1795,896864076
1796,2459854746
1797,3175914830
1798,4069800790
1799,2975124097
1800,2420224004
1801,4172567602
1802,223731425
1803,2168520909
1804,1403960698
1805,2694721986
1806,1259015268
1807,222034713
1808,1349279002
1809,3562287416
1810,1689446928
1811,2221506722
1812,1358455584
1813,3243595216
1814,446776821
1815,2138475254
1816,1878603049
1817,3092593688
1818,4261819723
1819,3409096827
1820,1785959897
1821,3550731246
1822,2355633416
1823,10985454
1824,3825819934
1825,1380522545
1826,1544976746
1827,4167916422
1828,2658329224
1829,2111513819
1830,1446114210
1831,3273364894
1832,2862995581
1833,1871158028
1834,2425188354
1835,2912397254
1836,1206950890
1837,3258549517
1838,1218179439
1839,2166512568
1840,2019915364
1841,1712507658
1842,562017500
1843,3019608904
1844,3009241383
1845,3810861072
1846,2721484102
1847,1905922411
1848,3553464655
1849,933229104
1850,4078096466
1851,3174528125
1852,6053083
1853,2348820294
1854,1687251091
1855,3292179774
1856,754189693
1857,313313896
1858,3477005208
1859,1694937429
1860,3148528516
1861,2947397085
1862,1567033770
1863,3649125614
1864,991904826
1865,2194480043
1866,2279435024
1867,2143865334
1868,4042246215
1869,3782266928
1870,3634409820
1871,1598859809
1872,2642975799
1873,2119425296
1874,3001583401
1875,690378089
1876,3959000838
1877,157654548
1878,4212304232
1879,1467529475
1880,760833165
1881,1812212557
1882,3868527350
1883,2284296288
1884,980152208
1885,1988039736
1886,2904045783
1887,1521900143
1888,2419889620
1889,2130025429
1890,2547791594
1891,1751572617
1892,538767989
1893,2038260257
1894,669775837
1895,1480722567
1896,37006765
1897,2267742177
1898,411725567
1899,2043687958
1900,439734932
1901,3420538910
1902,1815550626
1903,1518764331
1904,1702801334
1905,3472636022
1906,195169960
1907,1648652939
1908,3475415170
1909,2630901749
1910,331783331
1911,4064991400
1912,2085908838
1913,3447798687
1914,3925439068
1915,472534351
1916,2688021825
1917,957795039
1918,3114522514
1919,3982961300
1920,880125485
1921,1696007569
1922,2126266657
1923,2094167640
1924,2210360243
1925,285724874
1926,3337126929
1927,1423844323
1928,4227301702
1929,3929360482
1930,2902426714
1931,1455192518
1932,438183992
1933,1165882226
1934,869518657
1935,3499899048
1936,1946405677
1937,3320761354
1938,1087227151
1939,3553936873
1940,2063867916
1941,2865766343
1942,997677316
1943,1681748346
1944,1100027167
1945,240265487
1946,2737752495
1947,563510237
1948,745366158
1949,4161765391
1950,3123391092
1951,97368914
1952,25225514
1953,680234119
1954,2011651926
1955,2852540375
1956,1939673498
1957,751514515
1958,1713952025
1959,2109063288
1960,3828570654
1961,710266013
1962,3600300208
1963,4254120285
1964,1815485732
1965,4229914335
1966,63657064
1967,1657083409
1968,3533139546
1969,2152792012
1970,1020094008
1971,4154063619
1972,3325323308
1973,1170524580
1974,4104191895
1975,763186126
1976,2941520927
1977,2107379040
1978,351172255
1979,402581203
1980,205348612
1981,1963538676
1982,2746219902
1983,4289244533
1984,1994719054
1985,149373884
1986,1470476075
1987,232973293
1988,3366681499
1989,1109940546
1990,2881870426
1991,935874650
1992,60219585
1993,234478227
1994,193568069
1995,2130895031
1996,1181371032
1997,2193840522
1998,1998062397
1999,995153193
