3066054839
2784920227
3139051461
2292938006
2807906666
1283183893
3561625499
1356698274
2338930147
784439058
1004339162
637059153
13403268
2599132610
1877539372
1818572124
3527682523
3583930412
940183824
247447602
3956574264
3652132105
3129591041
1656516130
1427788300
2222648791
1319827944
209305764
65463724
2845789140
881988009
2693569800
720428976
2243156481
2341616849
2800524087
812717528
766064735
2526635891
2323761852
1504100987
3406767951
4160999584
2292736015
3000151350
99307425
2171109550
231701011
2710525764
2768176806
938540371
3248995145
2069883992
2985756339
1250616707
846388868
74095766
2850799187
1028077489
478052089
2356876968
85625128
3267734221
1777628768
991916953
1621212535
1123197857
2911504973
2241746693
111846115
878436515
599134021
527654937
2503302487
2549854199
1997327911
541417085
1936421867
3744204024
1347955833
1767031919
2375812560
2687722101
3579974671
961152516
3214684270
66864453
2160931953
2863939142
195308413
1147623949
354070553
1950163212
2599634408
2973676130
1547799981
4221428152
2451866694
2045544700
3274754125
3526610324
3794646745
2980115951
40049123
513798305
2640509287
3443937253
1819084714
3227475455
3366757521
693826728
4018551488
3393867599
2499816732
2759925779
2414573406
3407826204
2729858576
3360784733
2639491431
2471603697
3596158595
2583762768
409634398
358722430
3512517856
679889877
459580554
654345320
3422161868
2752558237
2749970877
997284538
197706408
2491698488
903549697
4048101463
2802480621
3487846048
2514778300
1444877127
4070650241
1729363066
4277945194
3540828355
3158848837
2044005932
1793235704
586878366
2691393847
481379394
1170042843
40303110
1704104682
1505301846
101229159
1852160998
1790538548
1771362582
1799362196
3520249821
501908172
2150523476
4093493194
2619878186
237471216
202859444
2160124382
1587054371
1561770553
1066218224
1967323084
3387392981
3799759996
2023748321
1649155938
1912905282
1792268345
2449722456
1896893569
955113100
1911783886
3291868559
4289879406
3031539679
3244667469
2134585600
2224242131
4005900352
3973133743
501911326
3605914591
433849062
484104899
673836745
2703424446
3943519939
746761969
2866307326
1483317912
2491351578
920329446
2401524730
4270061636
3039258201
1947494019
845211829
1435417782
3088895842
858794062
926144043
1473373145
1284217901
3095451837
761351270
3774236505
2756111154
400601734
1894088621
2895607509
3499881758
3874605715
3642123010
1416932323
3192174246
612360683
4106768131
2656990193
3992676523
4091933433
3765137686
3504065935
597793998
592672345
285385862
2975113204
2021053400
1682409751
216850611
611290091
1023199270
4278877577
314191374
435407770
1022289946
34672777
3566892928
1478997344
4049717726
2087317117
3015587485
2928868736
2712663801
2564937243
724565815
655699241
4023056649
2670722443
4056208787
1966790429
3277357020
2900064475
1617736618
2041078106
3719854639
2390223606
3361659984
1581493125
1965922472
3865728873
2836805598
1600301017
2459042640
2099681766
2913210695
2642217571
1169183372
696321770
1014775007
3061634650
4157103154
678519358
2014971312
2606799310
115979306
350505884
4056912298
3627302132
3406946322
1455665569
2999998766
1399099681
1125356096
2024714202
3939141399
2127948210
913100558
3925050733
736449876
911298090
3367191925
2709215400
289358778
3484111768
459214013
1908617187
4283893692
2266349749
2624073341
1283930904
3456881234
2788156558
2566241016
2251366713
1512314172
2132167989
1949815426
1699999413
1737257255
3782457104
2963349304
3268857624
3819534475
878567432
1004551578
3595360716
426895739
3462729517
1101988218
3009672742
3766388189
1793749490
1466152763
1742201028
199957439
866514935
4232868759
2996590071
2419678852
219158243
3793228854
1142850963
1411016670
1380275017
439117262
1999816476
4044774435
586512340
817597403
464233408
2422235928
1232293800
1804257343
1685864687
1976016820
2408049131
3128419581
576168566
4030269721
905169201
1072225041
3646210664
1708487374
88227057
2403379715
1514988882
1667226285
1434312395
1975450333
1630985587
2807003761
4116371220
3685040136
3910178539
2332344760
4484901
2805565988
1192834320
412347435
2819947307
2937003676
3740304323
3996580454
1588153707
1412509283
1431710898
3555193055
1743973464
1450123084
4012730757
368286471
1416858572
3565307534
32031800
2503690602
1026505766
3682512927
4165346231
3701995745
4005257852
3493439992
67219561
1963295381
1594417323
1335833016
180891302
1005983460
2686066764
447085677
2252798165
3989827085
1677469312
4011800894
455930941
3006925517
639119070
4142223997
2955007100
1783118722
1418992240
567571214
3835435723
47722100
150274525
2813892029
1554205191
2444468341
370436278
3322664922
3167635567
4129894780
2856969912
3448983434
1420058283
1303813284
1533322633
3412064871
2057688484
89501287
2199250133
3394173041
4021236349
2075344797
1710480536
2162527136
2333935080
3537478964
4210017127
4156151183
3435684259
1359151620
3904521120
2215907448
1888768075
2616479702
3131971571
3444508
2058979979
3448396876
2738301204
2107935354
287844484
1877593016
853262036
1181960166
2427468357
2832103259
1934488555
1899050822
4226723135
1853403677
2214748727
1599651072
544154981
2634723548
4183017280
1022102475
3350539774
1089291844
1907302295
3481272150
324683806
1170955173
297977647
1962036186
4239870832
911855607
2717842122
1947137017
2541934069
533110056
2615880171
1806305665
190407921
2256657981
1336858924
4237997745
1313433688
1392872801
1536883737
2690442630
1527728270
4210697430
58644860
2677401223
620367763
702061984
2112677306
4224552005
3068817124
589770504
4030096988
2526898848
4253374447
1350745858
871470914
141163301
1641208333
861101424
3932459359
1975077667
3990315796
2295108777
2986917654
525738079
1973496457
1065128219
1719690725
4041709260
2279228309
2569270959
1731619981
793661272
3846792718
2405554363
3681544908
466153043
681281907
1069600447
266776264
2624991662
4197534905
2869590515
2184345149
2101881683
679634586
3963314117
4271720649
188947877
1773317611
4148483010
2853624050
608746870
2930614496
3403809548
2629846362
2906278640
4044988789
1781744849
3020539561
834253590
1228703341
4214763740
2205396881
3568010668
2716322862
3141047060
1511743073
3680665088
279817423
2100446973
2540819810
3437104836
1764828982
259190880
1120979035
704545230
2278723363
3733934129
3136343898
2725586153
1822108721
2353001719
3068820693
1307637751
1798054326
4289161830
2179925671
241737810
1144326194
3388723995
1785907398
2867289467
2539536159
2036592764
357334497
3745750563
574497628
938022764
919679961
1432972329
2103402119
3282520690
1473637232
211153612
4041706969
2583141558
246321205
2006495928
947395252
3571177372
2405015281
3743644843
3952330148
431046232
4229180454
295865326
458079863
2853412618
3764329423
4065725407
853614213
4003808114
2648702087
68976271
2597674914
4078809632
2460944877
329886505
3435093860
1605367745
1573399030
541214755
1807959598
3109671767
845599093
30125283
304316673
3145265326
2525144529
2361759839
2396176141
3993091936
1959967395
3929372493
964952442
3809005838
2668658639
3431080766
658922032
3909451555
1860733064
1811602956
2562037522
2970089067
4253995152
2995845365
2367249142
1118357317
820147076
1959587037
2795370587
4255066851
1800453218
2850062203
1379639235
3265458009
1069968505
29380489
1251709050
2226804550
818021776
2512667072
3293178193
1179501742
610814904
1272506934
545593154
2331169065
3472110252
2439886235
2526099835
2942284406
4246163326
516945148
192002249
2636206322
329300158
3015346062
2949389583
2129756260
2698560492
2355221815
746254639
3181501778
1730008738
2764131142
1111350934
992301220
3935281170
2627688870
688146921
504346839
2215056719
1073577455
1292544392
3122853767
1499529561
522722953
3857765004
487301353
2667782829
3828773530
303956181
2622142101
778153899
3198715283
2105424914
404790924
2479108516
1056926407
2085155428
2587878238
782424758
4070745819
1897767585
349864374
985028516
976708513
528438738
15208886
1026576402
691120575
2269424221
3215098574
3398230651
3899230734
2922274805
2622314938
1081577790
922025258
2098719227
1642644407
1236939481
2006815005
3232451865
4146078795
2220359524
3720329251
2064768138
4188185900
986203498
381657499
710034371
3326575398
3258409499
3742785843
3521986496
856856410
1542240778
650620688
2035753566
2245378830
2269970432
3387788993
62906472
357286552
1811957406
4177610919
2817172872
2231512143
3992018674
1560428190
1940382679
2490573011
2067290099
3349635191
561653966
111268365
1153982148
517769839
1081888739
2341216945
3286359525
3224706944
4271535471
555031440
3981889338
2392700258
1758637422
1100435213
3748228296
238279161
4264578626
2583231432
11052142
48791941
4007048850
2970507359
2595453022
2620459404
1125100045
1418658175
729708029
1154142573
4230956084
277440837
39108582
1521704920
2399207833
3330509390
699226305
3885348728
753337071
4240354344
2703060513
772970132
746993962
380346059
3776262975
3197652288
2011194600
3203395840
1559531612
2297320560
709451096
1316700439
3985334847
3871149237
2608821715
1506204210
2437658485
2517615878
3402031284
1953916772
3828485741
2270938975
3863327633
3913693324
2213076928
899554772
1169918606
3275657802
3898133124
2235082001
2416358478
1870484628
3960941568
2784300739
1951354490
270389399
3355116041
1370115490
1667850360
856201791
2230932114
769456210
802911137
2587330636
2923747346
3890289973
1614361386
3180917757
377200672
3029311915
2641213837
968015028
2526281137
3858175808
1584085522
137532817
457889355
2014147289
2231889975
2413545628
3548153743
2740270034
3436292698
2841573902
1834247714
46368568
1348672011
655486034
781328428
3537268686
3281816573
3330737949
456097420
2837148104
178331353
1921398229
2966814193
3914105267
337750807
1396464776
2010997736
1841175042
3394848375
3435425674
2838002966
3177697231
4117908936
3725720840
1265447577
1501953924
638189788
2007727757
3848670805
2171333695
2403986982
1440365323
803405571
141771579
2463139004
3112046258
3335915465
945239570
278306182
2105597241
4084570422
603202087
849634997
567097623
796303633
2402235763
3411135986
4082376504
1640787250
1412885649
4014993497
3187473254
2499907894
4282791790
3622156730
3346583422
375890129
1308522508
3909653731
3880677306
2733422289
708204525
3732155179
3607152225
2603168510
3549217181
864676852
3131921261
2742068503
676652553
3031933052
759635584
369026912
2329076823
4273016474
3395235020
263159802
1507363630
4232623922
2603047704
1287920341
3076968558
252343178
3567216929
1652008340
140319972
2211126628
3237647352
1520612481
2900559611
1760583355
1288934764
1608026145
717318814
850937503
41646073
2469284128
2799108426
3181805967
1700005743
1384312117
2766930322
3066890481
552861486
4203773466
3083371022
3615971200
3275301351
3713110115
888139293
632777381
2707320968
322254726
1161257501
2459116874
358558256
1515558426
3458364930
3325459788
3822256683
3854832598
1978303240
4287429108
2601750929
3244777133
1592312177
714088671
2297355638
3563491490
4218429311
4074514038
90620231
24212145
3272059499
2135706085
1106004505
555698264
754662338
1467215201
2279260104
165342929
4015771151
672237866
3908442122
166331367
3076529616
2029354484
103112790
3099400010
2205187469
1501759464
1836909901
178818555
3502870095
3064072789
708506811
2194338476
1378264327
163225905
1955370645
2340304767
4103486870
2044547682
2122590711
13863407
721842272
1367125245
719156907
1983473264
3526544926
837164292
173111149
3682861425
3139429116
1353702662
3965818365
2441490674
3870834110
665459198
3824735195
1436571108
1714446382
3497503893
435283711
1117260925
2807103776
2864394619
4092658259
2376837764
2960115153
618445766
3242877275
3402279992
1805277785
4270044178
3467549955
1716294903
3701052878
3280551972
1588242149
2293113475
3242211748
374663983
278732880
424348363
788857286
1317944550
58886723
2881680008
3859858899
3181226660
1500715456
4235451891
2910998375
3387328892
1239990904
1617864319
3985227017
2827168942
126988792
3570188863
484713078
1436743813
1753179129
802197311
388583867
2616065926
4102786541
245696398
2167322492
134736046
4050467626
460669887
1275267092
3717368300
436563140
3357489373
2874424851
538597400
466969120
2863099942
2507330746
3936667300
1920052247
1425077211
3710977788
4187631009
3507333699
843926661
2030794664
3503513112
674657140
2467866523
3700931437
313369638
2286081242
1443958323
533823059
3432104475
1886039660
2376501337
3691160475
2506697008
4010182740
2567021118
2468320151
3769459270
728582870
2631883694
4275701587
3228389464
1296602851
1552011916
220965881
2851519805
1108529397
2167109320
1746025637
11458816
1753137264
1573762449
4267630981
3833632764
765920904
3250860299
1043002566
1334206703
1909604986
2942100732
3941273338
1714868284
957229630
1240392779
4262460503
2462141169
2151942355
683522096
3719392624
234672602
3685801521
3291681711
3583446062
1134988297
4246801880
2159251665
3856410022
1484127935
3424548948
3191879672
170591815
2554164220
1034969117
994125589
1941483820
2478826508
2693991140
3056140300
803427785
3577504905
3580172970
3943779784
1588761017
3706827109
3422116289
2384036527
1751589906
3644975629
2059818077
3312385618
3376376097
2444692737
2892881917
1447134591
399799631
284764804
979902016
2796334450
3336814713
2701491584
887318992
2113479050
480833481
3775571704
3110802473
2721989092
2947585488
3804089029
2980142059
785571015
1668350577
1526000053
1098929125
1291413384
19552438
42113112
2681176554
2051315509
3459036475
560730601
4077019653
1278534281
2709662165
2645736207
1795358643
435537800
2385090305
3600741296
3115183617
1030465113
3602782074
3318409298
1001004412
3228640129
1638990921
1238167798
69119369
3972435208
4208757045
1930951541
3091776534
2741081422
44203410
2993382019
946690382
1535567567
2702754379
3600747584
1628317598
3477917813
2871512963
783282311
445677811
3435757236
1580567662
1490295635
2133296802
557645486
1702862719
3304958895
450461041
3509372582
874589866
1607934132
1952100681
3200231247
2139932766
960173661
2628724542
4093375033
2005946205
2504427167
2305677051
1979409462
2274885739
28603252
3728964116
3513779993
1628191199
2536673306
200862935
2387938889
3519600282
1855346510
1622737459
1966947359
682703369
322440782
1350438306
1829631559
846985314
1840367364
3274309829
437284250
2721555345
190613617
722433545
412864952
2975609170
3669474573
1127738878
1027254066
2371967606
467099629
3373606562
792397119
4203698978
507158281
3980635916
4113334560
375276170
354953232
3361083800
1199052657
2725686326
2978225979
4139041446
159136097
2445219653
3224352853
4245754083
556245261
2246300574
311435363
681975581
3110642423
4033915456
1360418603
2263529939
2565304039
2268749161
2781000619
1224437509
323785884
1859959227
96670349
1903481597
3586478645
2664029436
3131720798
773696829
3708902163
2913635378
3246490327
1370091446
728942339
2174388516
3349906188
1877837190
4090833121
162329134
2427916860
1436463164
2014587440
4171813621
802019839
2883242364
361269279
1254414612
670924603
2560671524
867478465
2117170429
2281936501
3528764203
2035141228
4061859105
3563403070
1190444649
2273362644
3974166729
2999245132
3142195474
2224656717
399563038
3420986591
1114005354
1713399424
3892823644
2528365562
1311657357
3653130423
650187399
551095534
2085785585
2385071328
3653376673
609709401
599228221
3254350695
1248352203
2002740269
3427898829
3450820269
2014625331
3063635870
2321620357
1260411864
3569468210
2149477445
3361135853
1226083972
2139388548
3604920242
2918664408
2461756373
3244158900
3384664956
57581648
2549350170
1827365746
3265323210
1126195620
126066581
3770957773
1128625212
481628725
738620434
1892952781
3072925918
1876375041
191425051
3085943205
2580542235
1817908626
912849139
299867476
2813092100
345993632
682567814
3631499101
1753119105
598486881
1967228013
1917702143
1553603781
3237694824
2493944013
4138634235
4191216351
61423394
2064241507
2547413915
3027930036
3116916178
3080639797
403938481
1562918363
1959102782
447879577
1722294574
713507861
1038190452
1200580192
3825124018
2532540186
1346535192
1472209517
3311318648
3748849353
1335993785
497054457
468756147
451687810
3320435427
2616845370
981228589
4120309504
3412135575
3875296897
2115955804
2089733640
3583539556
64800002
900682713
331158138
2287045985
3313376506
3708292783
1716444138
1510363540
803788517
2268965873
1770845097
77920246
2981994292
3216740027
3940878275
2662104934
330621126
2981581700
2946508873
2622422292
169282101
3249619776
3695495729
2931492775
4116707230
4000717059
3392656256
1844304838
428808787
788051602
1021506554
1823208384
3605190165
2217237416
611211958
2760337788
2340278666
3663137025
236073334
1164278524
1256530736
3536501272
3881201257
3356640209
431335809
2312719900
79743182
625691235
2288905338
3734622353
2026715833
1834478654
31989644
144533511
3397996857
363242817
772001958
865032759
4053282330
3033812078
229930423
1447643929
3028219122
887508175
3645280226
3652951567
1592385270
3269057407
1947039462
2491991129
2430052251
2959252686
2697549685
3194152924
1580190779
3218643702
2653542225
612469980
2574384221
1130771823
1828053316
4214382401
4085603049
2842868689
3912359974
2176951610
3769723238
2854514379
734692226
3393961899
2201569846
4247461655
1812546110
454037134
2440589897
3576058196
1227115073
2306242212
1847114695
69603457
4129638969
1788171771
1364720271
864371346
3604173147
415493346
1814970905
4110180154
3831654831
1240434900
1530359670
4043371028
24196580
3285888210
1306956627
3127489935
1367364906
2614740239
3197301865
3888272630
4219843780
1328447197
419025728
853426606
1498840230
2572740143
463692761
116298197
1677844313
3759626731
552820286
3362117245
3709193262
1155620422
3752637763
87271329
4268425803
1770341239
3071936753
3994002616
983397223
1439160409
118721035
233196296
3514858083
509097532
2738024093
3742657822
2556137932
662173594
2153276753
3850783848
1945927154
3778847796
4128110587
629734925
2972848292
2218047966
2707860490
2317181284
1424812076
2961018256
669622503
665721989
2786621379
3608935299
2117024148
574986846
2917944147
1215154212
3116350806
3914937298
638571948
1876145799
796193784
262935202
768437859
720889082
2853554774
1620341335
3316513858
2225104632
1435809995
3374224146
1716552211
2206995896
1314869958
2895074141
1390044120
2852701924
3367050512
2237512397
1321566478
3461644921
730820501
672601647
319995030
3057525278
1565234268
4180070567
4243511575
630585403
3388692028
1145077905
3957266390
1591959165
3353546
3861211902
1242290695
3751048343
4279610986
1684820442
422976103
2640527469
2886141793
1837592545
3452132502
544435907
2779028867
1664829531
431441100
2543023335
4061769294
2317633637
2471784351
1281043090
3516543273
3623667805
3039289432
3565448050
3876646690
3365527406
61067635
285523484
1983248540
2535405918
724874070
4266438297
3701389723
3751886471
4036815843
3221766680
4223174385
1929642944
67954284
1890294269
1967154701
3498825593
2079480659
843840787
1040765375
2630650209
2815399695
2589327097
2989360804
3117659558
80474362
2747492527
2308438247
2591523812
4091613538
2715968445
3055161130
1511263955
1196123585
3622796377
2205146781
1524561819
2027882819
1304828680
2055595446
1164196319
2994463512
2486650005
1485975851
333992788
3033777752
4006167875
4046086908
4109375640
1463015604
1689903829
2104149797
4278296791
1128610736
4137125378
2355208721
3262532366
1662733738
2130254639
2102505572
920441574
1301321015
2960770496
2218819944
572863750
1529698204
802427675
1554164811
2179120148
1676917721
3526544913
1054727218
2048376100
896864076
2459854746
3175914830
4069800790
2975124097
2420224004
4172567602
223731425
2168520909
1403960698
2694721986
1259015268
222034713
1349279002
3562287416
1689446928
2221506722
1358455584
3243595216
446776821
2138475254
1878603049
3092593688
4261819723
3409096827
1785959897
3550731246
2355633416
10985454
3825819934
1380522545
1544976746
4167916422
2658329224
2111513819
1446114210
3273364894
2862995581
1871158028
2425188354
2912397254
1206950890
3258549517
1218179439
2166512568
2019915364
1712507658
562017500
3019608904
3009241383
3810861072
2721484102
1905922411
3553464655
933229104
4078096466
3174528125
6053083
2348820294
1687251091
3292179774
754189693
313313896
3477005208
1694937429
3148528516
2947397085
1567033770
3649125614
991904826
2194480043
2279435024
2143865334
4042246215
3782266928
3634409820
1598859809
2642975799
2119425296
3001583401
690378089
3959000838
157654548
4212304232
1467529475
760833165
1812212557
3868527350
2284296288
980152208
1988039736
2904045783
1521900143
2419889620
2130025429
2547791594
1751572617
538767989
2038260257
669775837
1480722567
37006765
2267742177
411725567
2043687958
439734932
3420538910
1815550626
1518764331
1702801334
3472636022
195169960
1648652939
3475415170
2630901749
331783331
4064991400
2085908838
3447798687
3925439068
472534351
2688021825
957795039
3114522514
3982961300
880125485
1696007569
2126266657
2094167640
2210360243
285724874
3337126929
1423844323
4227301702
3929360482
2902426714
1455192518
438183992
1165882226
869518657
3499899048
1946405677
3320761354
1087227151
3553936873
2063867916
2865766343
997677316
1681748346
1100027167
240265487
2737752495
563510237
745366158
4161765391
3123391092
97368914
25225514
680234119
2011651926
2852540375
1939673498
751514515
1713952025
2109063288
3828570654
710266013
3600300208
4254120285
1815485732
4229914335
63657064
1657083409
3533139546
2152792012
1020094008
4154063619
3325323308
1170524580
4104191895
763186126
2941520927
2107379040
351172255
402581203
205348612
1963538676
2746219902
4289244533
1994719054
149373884
1470476075
232973293
3366681499
1109940546
2881870426
935874650
60219585
234478227
193568069
2130895031
1181371032
2193840522
1998062397
995153193
